0,480
0,496
0,475
0,474
0,512
0,551
0,529
0,525
0,550
28,6
28,5
28,4
28,3
28,2
28,1
28,0
0,548
0,549
0,243
0,281
0,280
0,530
0,274
0,269
0,528
0,509
0,508
0,520
0,495
0,494
0,522
0,493
0,492
0,503
0,491
0,501
0,489
0,488
0,5
0,500
0,499
0,487
0,486
0,485
0,484
0,481
0,497
0,479
0,478
0,477
0,476
0,473
0,311
0,309
0,307
0,305
0,303
0,301
0,300
0,299
0,297
0,296
0,295
0,294
0,293
0,292
0,291
0,290
0,289
0,288
0,287
0,286
0,285
0,284
0,282
0,312
0,279
0,277
0,268
0,267
0,534
0,266
0,265
0,264
0,263
0,517
0,262
0,261
0,260
0,259
0,258
0,257
0,256
0,255
0,254
0,253
0,252
0,251
0,250
0,249
0,248
0,247
0,537
0,246
0,245
0,543
0,244
0,242
0,507
0,241
0,540
0,240
0,239
0,238
0,524
0,237
0,236
0,235
0,234
0,233
0,232
0,231
0,230
0,229
0,228
0,227
0,226
0,519
0,225
0,224
0,223
0,222
0,221
0,220
0,219
0,218
0,545
0,217
0,216
0,215
0,214
0,213
0,212
0,211
0,210
0,209
